- name: main_camera
  pos: [0.363, -0.919, 1.663]
  quat: [0.94215352, 0.3349722,  -0.00401909, -0.01114498]
  height: 640
  width: 640
  fovy: 61
  

  # <camera pos="0.363 -0.919 1.663" xyaxes="1.000 -0.024 -0.000 0.018 0.775 0.631"/>
