- name: front_camera
  pos: [2.5, 0.0, 1.4]
  quat: [0.6133964, 0.3514872, 0.3512074, 0.6138851]
  height: 640
  width: 640
  fovy: 61

- name: left_camera
  pos: [0.4, 1.6, 1.4]
  quat: [0, 0, 0.5, 0.8660254]
  height: 640
  width: 640
  fovy: 61
  